import math

def soma_trapx(x,y):
    soma = 0
    for i in range(len(x)-1):
        resultado_formula = ((x[i+1]-x[i])*(y[i] + y[i+1]))/2
        soma += resultado_formula
    return soma

x = [0.12, 0.126, 0.274, 0.303, 0.317, 0.364, 0.414, 0.432, 0.515, 0.69, 0.696, 0.744, 0.825, 0.837, 0.854, 0.932, 0.985, 0.995, 1.014, 1.189, 1.246, 1.346, 1.374, 1.47, 1.519, 1.529, 1.535, 1.596, 1.635, 1.673, 1.781, 1.795, 1.928, 2.015, 2.017, 2.043, 2.065, 2.135, 2.219, 2.26, 2.275, 2.308, 2.568, 2.655, 2.764, 2.85, 2.879, 2.968, 3.019, 3.106, 3.359, 3.394, 3.461, 3.462, 3.5, 3.567, 3.678, 3.81, 3.812, 3.945, 3.977, 4.133, 4.155, 4.234, 4.274, 4.495, 4.683, 4.738, 4.781, 4.802, 4.981]
y = [1.617, 1.638, 2.162, 2.259, 2.304, 2.449, 2.586, 2.631, 2.805, 2.989, 2.992, 3.0, 2.982, 2.976, 2.967, 2.909, 2.857, 2.847, 2.826, 2.611, 2.538, 2.415, 2.382, 2.277, 2.229, 2.22, 2.215, 2.162, 2.133, 2.107, 2.048, 2.042, 2.005, 2.0, 2.0, 2.002, 2.004, 2.018, 2.048, 2.068, 2.076, 2.095, 2.317, 2.416, 2.551, 2.661, 2.698, 2.806, 2.862, 2.94, 2.962, 2.931, 2.845, 2.844, 2.778, 2.634, 2.32, 1.866, 1.859, 1.402, 1.306, 1.013, 1.002, 1.038, 1.103, 1.942, 2.793, 2.937, 2.993, 3.0, 2.513]

resultado_final = soma_trapx(x, y)
print(resultado_final)