import math

x = [0.1, 0.1825, 0.265, 0.2955, 0.326, 0.3545, 0.383, 0.4685, 0.554, 0.5805, 0.607, 0.6485, 0.69, 0.7345, 0.779, 0.9085, 1.038, 1.0525, 1.067, 1.212, 1.357, 1.449, 1.541, 1.569, 1.597, 1.6375, 1.678, 1.679, 1.68, 1.717, 1.754, 1.871, 1.988, 2.1035, 2.219, 2.3965, 2.574, 2.6955, 2.817, 2.8775, 2.938, 2.9815, 3.025, 3.107, 3.189, 3.212, 3.235, 3.318, 3.401, 3.4215, 3.442, 3.465, 3.488, 3.4975, 3.507, 3.5495, 3.592, 3.79, 3.988, 4.0595, 4.131, 4.2415, 4.352, 4.4345, 4.517, 4.5515, 4.586, 4.6295, 4.673, 4.7945, 4.916, 4.9475, 4.979, 4.9815, 4.984]
y = [1.549, 1.839, 2.131, 2.234, 2.333, 2.42, 2.503, 2.715, 2.868, 2.903, 2.932, 2.967, 2.989, 3.0, 2.997, 2.929, 2.799, 2.782, 2.765, 2.582, 2.402, 2.299, 2.209, 2.185, 2.162, 2.131, 2.103, 2.103, 2.102, 2.08, 2.06, 2.017, 2.0, 2.011, 2.048, 2.157, 2.324, 2.465, 2.619, 2.696, 2.771, 2.821, 2.868, 2.941, 2.988, 2.995, 2.999, 2.986, 2.924, 2.901, 2.873, 2.839, 2.8, 2.783, 2.765, 2.675, 2.571, 1.938, 1.275, 1.109, 1.015, 1.048, 1.317, 1.651, 2.052, 2.225, 2.393, 2.59, 2.759, 2.999, 2.797, 2.672, 2.523, 2.51, 2.497]

def somaparab(x, y):
    soma = 0
    for k in range(0, len(x) - 2, 2):
        soma += ((x[k + 1] - x[k])/3) * (y[k] + 4 * y[k + 1] + y[k + 2])
    return soma

print(somaparab(x, y))